$ 1 0.000005 10.20027730826997 50 5 50 5e-11
f 672 320 672 272 41 1.5 0.02
f 848 320 848 272 33 1.5 0.02
w 784 272 832 272 0
368 720 272 720 240 0 0
c 720 272 720 320 0 0.00001 0.32821159413748163 0.001
w 688 272 720 272 0
c 784 320 784 272 0 0.00001 -0.32858285848091345 0.001
w 784 272 720 272 0
r 784 320 784 400 0 2
w 720 320 720 400 0
w 720 400 784 400 0
g 720 400 720 416 0 0
r 672 320 672 400 0 10000
w 672 400 720 400 0
w 864 272 896 272 0
w 848 320 896 320 0
r 896 272 896 320 0 10000
w 896 272 944 272 0
w 896 320 944 320 0
c 944 272 944 320 0 0.000001 0.044880010536411344 0.001
w 944 272 1024 272 0
w 656 272 608 272 0
R 400 272 384 272 0 0 40 5 0 0 0.5
R 1136 256 1168 256 0 0 40 5.2 0 0 0.5
r 1088 288 1136 288 0 1000
S 1024 272 1088 272 0 1 false 0 2
g 1136 288 1152 288 0 0
s 400 272 480 272 0 1 false
t 544 352 544 320 1 -1 0.17994588381014487 -0.0001676943066470371 100 default
w 560 320 608 320 0
w 608 320 672 320 0
r 608 272 608 320 0 100000
c 560 272 560 320 0 1e-9 0.1801135781167919 0.001
w 560 272 608 272 0
r 544 352 480 352 0 10000
r 480 320 480 272 0 1000
w 480 272 528 272 0
34 zener-5.6 1 1.7143528192810002e-7 0 2.0000000000000084 5.6 1
z 480 400 480 352 2 zener-5.6
w 480 400 672 400 0
L 848 368 848 416 0 0 false 4 0
s 848 368 848 320 0 0 false
r 784 272 816 176 0 1000
g 816 176 832 144 0 0
w 480 320 480 352 0
s 1088 256 1136 256 0 0 false
w 528 320 528 272 0
w 528 272 560 272 0
38 22 F1 0 0 20 -1 Voltage
